340     1.48153
350     1.47977
360     1.47816
370     1.47669
380     1.47534
390     1.47422
400     1.47297
410     1.47192
420     1.47094
430     1.47003
440     1.46919
450     1.4684
460     1.46767
470     1.46698
480     1.46633
490     1.46573
500     1.46515
510     1.46462
520     1.46411
530     1.46362
540     1.46317
550     1.46273
560     1.46232
570     1.46193
580     1.46155
590     1.4612
600     1.46086
610     1.46053
620     1.46022
630     1.45992
640     1.45963
650     1.45935
660     1.45908
670     1.45883
680     1.45858
690     1.45834
700     1.45811
800     1.45613
2000  1.45613

