400  0
405  0.011871
410  0.023742
415  0.035613
420  0.047484
425  0.059355
430  0.071226
435  0.083097
440  0.094968
445  0.106839
450  0.11871
455  0.130581
460  0.142452
465  0.154323
470  0.166194
475  0.178065
480  0.189936
485  0.201807
490  0.213678
495  0.225549
500  0.23742
505  0.249291
510  0.261162
515  0.273033
520  0.284904
525  0.296775
530  0.308646
535  0.320517
540  0.332388
545  0.3449659515
550  0.3489994515
555  0.3530329515
560  0.3570664515
565  0.3606668596
570  0.3631113596
575  0.3655558596
580  0.3680003596
585  0.3704448596
590  0.3728893596
595  0.3753338596
600  0.3777783596
605  0.3802228596
610  0.3826673596
615  0.3851118596
620  0.3881159748
625  0.3920966748
630  0.3960773748
635  0.4000580748
640  0.4040387748
645  0.4080194748
650  0.4120001748
655  0.41357145
660  0.4151429
665  0.41671435
670  0.4182858
675  0.41985725
680  0.4214287
685  0.4207154266
690  0.4186969266
695  0.4166784266
700  0.4146599266
705  0.4126414266
710  0.4106229266
715  0.4086044266
720  0.4065859266