300      3.938
305      3.72
310      3.549
315      3.385
320      3.272
325      3.199
330      3.132
335      3.064
340      3.018
345      3
350      2.998
355      3.027
360      2.976
365      2.703
370      2.155
375      1.417
380       0.881
385      0.661
390      0.527
395      0.421
400      0.341
405      0.29
410      0.254
415      0.223
420      0.191
425      0.173
430      0.158
435      0.143
440      0.13
445      0.118
450      0.11
455      0.103
460      0.093
465      0.088
470      0.082
475      0.075
480      0.069
485      0.066
490      0.062
495      0.058
500      0.055
505      0.05
510      0.048
515      0.045
520      0.042
525      0.039
530      0.039
535      0.036
540      0.035
545      0.032
550      0.031
555      0.03
560      0.029
565      0.027
570      0.027
575      0.026
580      0.025
585      0.023
590      0.022
595      0.022
600      0.022
605      0.021
610      0.02
615      0.019
620      0.019
625      0.018
630      0.018
635      0.017
640      0.017
645      0.017
650      0.016
655      0.016
660      0.015
665      0.014
670      0.013
675      0.014
680      0.014
685      0.013
690      0.013
695      0.013
700      0.012
705      0.011
710      0.011
715      0.01
720      0.011
725      0.009
730      0.008
735      0.008
740      0.009
745      0.009
750      0.008
755      0.006
800      0.006
2000    0.006

