300     4.894
305     4.928
310     4.953
315     4.957
320     4.983
325     5.032
330     5.092
335     5.155
340     5.234
345     5.33
350     5.451
355     5.683
360     6.147
365     6.592
370     6.89
375     6.852
380     6.51
385     6.261
390     6.053
395     5.827
400     5.619
405     5.493
410     5.374
415     5.254
420     5.13
425     5.057
430     4.989
435     4.904
440     4.824
445     4.766
450     4.737
455     4.663
460     4.608
465     4.559
470     4.525
475     4.492
480     4.454
485     4.375
490     4.347
495     4.316
500     4.281
505     4.277
510     4.256
515     4.234
520     4.207
525     4.183
530     4.159
535     4.138
540     4.112
545     4.093
550     4.084
555     4.063
560     4.049
565     4.031
570     4.025
575     4
580     3.987
585     3.967
590     3.958
595     3.95
600     3.933
605     3.919
610     3.916
615     3.908
620     3.892
625     3.874
630     3.872
635     3.86
640     3.854
645     3.844
650     3.84
655     3.829
660     3.816
665     3.802
670     3.797
675     3.794
680     3.782
685     3.773
690     3.764
695     3.761
700     3.755
705     3.745
710     3.745
715     3.738
720     3.728
725     3.723
730     3.712
735     3.709
740     3.702
745     3.694
750     3.684
755     3.686
800     3.686
2000 3.686

